99.7205845
100.5139785
99.82392438
100.7738907
100.9866276
99.75474801
100.8366556
100.0177019
100.0177019
99.82392438
99.23174534
99.16822526
99.42661813
100.14112
99.07654155
99.71209668
99.16822526
99.00079317
99.14448002
100.5139785
99.1537796
99.23174534
100.0353983
99.82392438
100.9129453
100.8600694
100.8366556
99.33636612
100.8268287
100.6702292
99.33636612
100.6832617
100.7738907
100.9563759
100.9510547
100.2709058
99.00822115
99.17818216
99.09442164
100.9637954
100.8600694
100.7625585
100.2538234
100.9866276
99.69518938
99.88521519
100.3959252
99.01485374
100.6502878
100.3959252
100.9999119
99.33636612
99.69518938
99.71209668
99.86764825
100.14112
100.9637954
99.04624735
99.04624735
100.0177019
100.9510547
99.00024483
99.16822526
99.71209668
99.75474801
99.00822115
100.6569866
100.2709058
100.920026
99.04107573
99.46342708
100.4361648
100.6702292
100.3959252
100.3132288
99.2431975
99.478449
99.10207232
99.42661813
100.3959252
99.42661813
100.636738
99.07654155
99.59596235
99.04107573
100.8509035
100.6569866
100.2709058
100.9637954
100.5661076
99.08347845
100.1059875
100.14112
99.08347845
100.9510547
100.9893582
99.73762515
100.8366556
99.2608193
100.841471
99.7205845
100.5139785
99.82392438
100.7738907
100.9866276
99.75474801
100.8366556
100.0177019
100.0177019
99.82392438
99.23174534
99.16822526
99.42661813
100.14112
99.07654155
99.71209668
99.16822526
99.00079317
99.14448002
100.5139785
99.1537796
99.23174534
100.0353983
99.82392438
100.9129453
100.8600694
100.8366556
99.33636612
100.8268287
100.6702292
99.33636612
100.6832617
100.7738907
100.9563759
100.9510547
100.2709058
99.00822115
99.17818216
99.09442164
100.9637954
100.8600694
100.7625585
100.2538234
100.9866276
99.69518938
99.88521519
100.3959252
99.01485374
100.6502878
100.3959252
100.9999119
99.33636612
99.69518938
99.71209668
99.86764825
100.14112
100.9637954
99.04624735
99.04624735
100.0177019
100.9510547
99.00024483
99.16822526
99.71209668
99.75474801
99.00822115
100.6569866
100.2709058
100.920026
99.04107573
99.46342708
100.4361648
100.6702292
100.3959252
100.3132288
99.2431975
99.478449
99.10207232
99.42661813
100.3959252
99.42661813
100.636738
99.07654155
99.59596235
99.04107573
100.8509035
100.6569866
100.2709058
100.9637954
100.5661076
99.08347845
100.1059875
100.14112
99.08347845
100.9510547
100.9893582
99.73762515
100.8366556
99.2608193
100.841471
