100.6807548
99.65617536
98.83954774
101.4072099
100.8236368
100.7242074
100.2889264
101.0175452
101.0175452
98.83954774
98.591601
99.72333856
98.60732988
99.15112751
98.69284311
98.7544372
99.72333856
99.04061405
98.62671022
99.65617536
98.62094658
98.591601
101.0347716
98.83954774
101.3210273
101.3702465
100.2889264
98.58830859
100.2643748
101.4123834
98.58830859
101.4134353
101.4072099
100.6642371
100.6420319
99.30829992
98.88025746
99.7479325
99.51860065
101.2304383
101.3702465
101.4094778
99.28657277
100.8236368
98.7427764
100.8786056
99.47764236
99.18657108
99.89059993
99.47764236
100.9866351
98.58830859
98.7427764
98.7544372
100.8588511
99.15112751
101.2304383
99.34683989
99.34683989
101.0175452
100.6420319
99.02237158
99.72333856
98.7544372
100.7242074
98.88025746
101.4108889
99.30829992
101.3118833
99.32473791
100.307281
101.3360316
101.4123834
99.47764236
101.2629065
98.58955388
100.3316691
99.54221534
98.60732988
99.47764236
98.60732988
99.86565778
98.69284311
100.5107047
99.32473791
101.3762255
101.4108889
99.30829992
101.2304383
101.390439
98.68349314
99.11162005
99.15112751
98.68349314
100.6420319
100.8438582
100.7025912
100.2889264
99.93432647
101.3817733
100.6807548
99.65617536
98.83954774
101.4072099
100.8236368
100.7242074
100.2889264
101.0175452
101.0175452
98.83954774
98.591601
99.72333856
98.60732988
99.15112751
98.69284311
98.7544372
99.72333856
99.04061405
98.62671022
99.65617536
98.62094658
98.591601
101.0347716
98.83954774
101.3210273
101.3702465
100.2889264
98.58830859
100.2643748
101.4123834
98.58830859
101.4134353
101.4072099
100.6642371
100.6420319
99.30829992
98.88025746
99.7479325
99.51860065
101.2304383
101.3702465
101.4094778
99.28657277
100.8236368
98.7427764
100.8786056
99.47764236
99.18657108
99.89059993
99.47764236
100.9866351
98.58830859
98.7427764
98.7544372
100.8588511
99.15112751
101.2304383
99.34683989
99.34683989
101.0175452
100.6420319
99.02237158
99.72333856
98.7544372
100.7242074
98.88025746
101.4108889
99.30829992
101.3118833
99.32473791
100.307281
101.3360316
101.4123834
99.47764236
101.2629065
98.58955388
100.3316691
99.54221534
98.60732988
99.47764236
98.60732988
99.86565778
98.69284311
100.5107047
99.32473791
101.3762255
101.4108889
99.30829992
101.2304383
101.390439
98.68349314
99.11162005
99.15112751
98.68349314
100.6420319
100.8438582
100.7025912
100.2889264
99.93432647
101.3817733
