99.73171354
99.55910769
100.1733247
100.4901198
99.8391888
99.76223817
99.54173923
100.0176992
100.0176992
100.1733247
100.4917939
99.53827078
100.469765
99.86029225
100.3543296
100.2757133
99.53827078
99.9602107
100.4429624
99.55910769
100.4508942
100.4917939
100.0353761
100.1733247
100.3725566
100.4387877
99.54173923
100.4964363
99.53494702
100.4974134
100.4964363
100.4988996
100.4901198
99.72060548
99.7061025
99.7392245
100.1269117
99.53176901
99.61587267
100.2569892
100.4387877
100.4933138
99.7544892
99.8391888
100.2903056
99.88597387
99.63642875
99.8308333
99.50598419
99.63642875
99.98672442
100.4964363
100.2903056
100.2757133
99.86881257
99.86029225
100.2569892
99.71330906
99.71330906
100.0176992
99.7061025
99.97787866
99.53827078
100.2757133
99.76223817
100.1269117
100.4953037
99.7392245
100.3605189
99.72798944
99.54721082
100.3924902
100.4974134
99.63642875
100.2974664
100.4946791
99.5550022
99.6047834
100.469765
99.63642875
100.469765
99.50902392
100.3543296
99.63040965
99.72798944
100.4469983
100.4953037
99.7392245
100.2569892
100.4666603
100.3665952
99.89460947
99.86029225
100.3665952
99.7061025
99.85604834
99.74681718
99.54173923
99.50215651
100.4546487
99.73171354
99.55910769
100.1733247
100.4901198
99.8391888
99.76223817
99.54173923
100.0176992
100.0176992
100.1733247
100.4917939
99.53827078
100.469765
99.86029225
100.3543296
100.2757133
99.53827078
99.9602107
100.4429624
99.55910769
100.4508942
100.4917939
100.0353761
100.1733247
100.3725566
100.4387877
99.54173923
100.4964363
99.53494702
100.4974134
100.4964363
100.4988996
100.4901198
99.72060548
99.7061025
99.7392245
100.1269117
99.53176901
99.61587267
100.2569892
100.4387877
100.4933138
99.7544892
99.8391888
100.2903056
99.88597387
99.63642875
99.8308333
99.50598419
99.63642875
99.98672442
100.4964363
100.2903056
100.2757133
99.86881257
99.86029225
100.2569892
99.71330906
99.71330906
100.0176992
99.7061025
99.97787866
99.53827078
100.2757133
99.76223817
100.1269117
100.4953037
99.7392245
100.3605189
99.72798944
99.54721082
100.3924902
100.4974134
99.63642875
100.2974664
100.4946791
99.5550022
99.6047834
100.469765
99.63642875
100.469765
99.50902392
100.3543296
99.63040965
99.72798944
100.4469983
100.4953037
99.7392245
100.2569892
100.4666603
100.3665952
99.89460947
99.86029225
100.3665952
99.7061025
99.85604834
99.74681718
99.54173923
99.50215651
100.4546487
