100.841471
100.9092974
100.14112
99.2431975
99.04107573
99.7205845
100.6569866
100.9893582
100.4121185
99.45597889
99.00000979
99.46342708
100.420167
100.9906074
100.6502878
99.71209668
99.03860251
99.24901275
100.1498772
100.9129453
100.8366556
99.99114869
99.1537796
99.09442164
99.86764825
100.7625585
100.9563759
100.2709058
99.33636612
99.01196838
99.59596235
100.5514267
100.9999119
100.5290827
99.57181733
99.00822115
99.35646187
100.2963686
100.9637954
100.7451132
99.84137733
99.08347845
99.16822526
100.0177019
100.8509035
100.9017883
100.1235731
99.23174534
99.04624735
99.73762515
100.6702292
100.9866276
100.3959252
99.44121095
99.00024483
99.478449
100.4361648
100.9928726
100.636738
99.69518938
99.03388223
99.2608193
100.1673557
100.920026
100.8268287
99.97344885
99.14448002
99.10207232
99.88521519
100.7738907
100.9510547
100.2538234
99.32322804
99.01485374
99.61221836
100.5661076
100.9995202
100.5139785
99.55588733
99.00611135
99.37011201
100.3132288
100.9683645
100.7331903
99.82392438
99.07654155
99.17818216
100.0353983
100.8600694
100.8939967
100.1059875
99.22053393
99.05171786
99.75474801
100.6832617
100.9835877
100.3796077
99.42661813
99.00079317
99.49363436
100.841471
100.9092974
100.14112
99.2431975
99.04107573
99.7205845
100.6569866
100.9893582
100.4121185
99.45597889
99.00000979
99.46342708
100.420167
100.9906074
100.6502878
99.71209668
99.03860251
99.24901275
100.1498772
100.9129453
100.8366556
99.99114869
99.1537796
99.09442164
99.86764825
100.7625585
100.9563759
100.2709058
99.33636612
99.01196838
99.59596235
100.5514267
100.9999119
100.5290827
99.57181733
99.00822115
99.35646187
100.2963686
100.9637954
100.7451132
99.84137733
99.08347845
99.16822526
100.0177019
100.8509035
100.9017883
100.1235731
99.23174534
99.04624735
99.73762515
100.6702292
100.9866276
100.3959252
99.44121095
99.00024483
99.478449
100.4361648
100.9928726
100.636738
99.69518938
99.03388223
99.2608193
100.1673557
100.920026
100.8268287
99.97344885
99.14448002
99.10207232
99.88521519
100.7738907
100.9510547
100.2538234
99.32322804
99.01485374
99.61221836
100.5661076
100.9995202
100.5139785
99.55588733
99.00611135
99.37011201
100.3132288
100.9683645
100.7331903
99.82392438
99.07654155
99.17818216
100.0353983
100.8600694
100.8939967
100.1059875
99.22053393
99.05171786
99.75474801
100.6832617
100.9835877
100.3796077
99.42661813
99.00079317
99.49363436
