101.3817733
100.4931506
99.15112751
98.58955388
99.32473791
100.6807548
101.4108889
100.8438582
99.50098822
98.61690736
99.00443549
100.307281
101.3276138
101.1273446
99.89059993
98.7544372
98.76343917
99.90932946
101.1385818
101.3210273
100.2889264
98.99118786
98.62094658
99.51860065
100.8588511
101.4094778
100.6642371
99.30829992
98.58830859
99.16621983
100.5107047
101.38565
100.9866351
99.68051241
98.66812513
98.88025746
100.1218759
101.2514422
101.2304383
100.0781751
98.85403805
98.68349314
99.72333856
101.0175452
101.3762255
100.4696104
99.13123765
98.591601
99.34683989
100.7025912
101.4123834
100.8236368
99.47764236
98.61190112
99.02237158
100.3316691
101.3360316
101.1120528
99.86565778
98.7427764
98.77578059
99.93432647
101.1532523
101.3118833
100.2643748
98.97380139
98.62671022
99.54221534
100.8786056
101.4072099
100.6420319
99.28657277
98.58703532
99.18657108
100.5339696
101.390439
100.9685451
99.65617536
98.65991638
98.8957241
100.146798
101.2629065
101.2179046
100.0531668
98.83954774
98.69284311
99.7479325
101.0347716
101.3702465
100.445923
99.11162005
98.59408948
99.36914656
100.7242074
101.4134353
100.8031573
99.4544602
98.60732988
99.04061405
100.3559532
101.3817733
100.4931506
99.15112751
98.58955388
99.32473791
100.6807548
101.4108889
100.8438582
99.50098822
98.61690736
99.00443549
100.307281
101.3276138
101.1273446
99.89059993
98.7544372
98.76343917
99.90932946
101.1385818
101.3210273
100.2889264
98.99118786
98.62094658
99.51860065
100.8588511
101.4094778
100.6642371
99.30829992
98.58830859
99.16621983
100.5107047
101.38565
100.9866351
99.68051241
98.66812513
98.88025746
100.1218759
101.2514422
101.2304383
100.0781751
98.85403805
98.68349314
99.72333856
101.0175452
101.3762255
100.4696104
99.13123765
98.591601
99.34683989
100.7025912
101.4123834
100.8236368
99.47764236
98.61190112
99.02237158
100.3316691
101.3360316
101.1120528
99.86565778
98.7427764
98.77578059
99.93432647
101.1532523
101.3118833
100.2643748
98.97380139
98.62671022
99.54221534
100.8786056
101.4072099
100.6420319
99.28657277
98.58703532
99.18657108
100.5339696
101.390439
100.9685451
99.65617536
98.65991638
98.8957241
100.146798
101.2629065
101.2179046
100.0531668
98.83954774
98.69284311
99.7479325
101.0347716
101.3702465
100.445923
99.11162005
98.59408948
99.36914656
100.7242074
101.4134353
100.8031573
99.4544602
98.60732988
99.04061405
100.3559532
