100.4546487
99.62159875
99.86029225
100.4946791
99.72798944
99.73171354
100.4953037
99.85604834
99.62450638
100.4564726
99.99557435
99.54721082
100.3812792
100.1354529
99.50598419
100.2757133
100.2645413
99.50411057
100.1481843
100.3725566
99.54173923
100.008851
100.4508942
99.61587267
99.86881257
100.4933138
99.72060548
99.7392245
100.4964363
99.84759469
99.63040965
100.460013
99.98672442
99.55103616
100.3869453
100.1269117
99.50742687
100.2830538
100.2569892
99.50305567
100.1566144
100.3665952
99.53827078
100.0176992
100.4469983
99.61026697
99.87737401
100.4917939
99.71330906
99.74681718
100.4974134
99.8391888
99.63642875
100.4634093
99.97787866
99.5550022
100.3924902
100.1183307
99.50902392
100.2903056
100.2493566
99.50215651
100.1649954
100.3605189
99.53494702
100.0265418
100.4429624
99.6047834
99.88597387
100.4901198
99.7061025
99.7544892
100.4982346
99.8308333
99.64256179
100.4666603
99.96903983
99.55910769
100.397912
100.1097126
99.51077482
100.2974664
100.2416458
99.50141336
100.1733247
100.3543296
99.53176901
100.0353761
100.4387877
99.59942368
99.89460947
100.4882922
99.69898803
99.76223817
100.4988996
99.82253082
99.64880684
100.469765
99.9602107
99.56335135
100.4546487
99.62159875
99.86029225
100.4946791
99.72798944
99.73171354
100.4953037
99.85604834
99.62450638
100.4564726
99.99557435
99.54721082
100.3812792
100.1354529
99.50598419
100.2757133
100.2645413
99.50411057
100.1481843
100.3725566
99.54173923
100.008851
100.4508942
99.61587267
99.86881257
100.4933138
99.72060548
99.7392245
100.4964363
99.84759469
99.63040965
100.460013
99.98672442
99.55103616
100.3869453
100.1269117
99.50742687
100.2830538
100.2569892
99.50305567
100.1566144
100.3665952
99.53827078
100.0176992
100.4469983
99.61026697
99.87737401
100.4917939
99.71330906
99.74681718
100.4974134
99.8391888
99.63642875
100.4634093
99.97787866
99.5550022
100.3924902
100.1183307
99.50902392
100.2903056
100.2493566
99.50215651
100.1649954
100.3605189
99.53494702
100.0265418
100.4429624
99.6047834
99.88597387
100.4901198
99.7061025
99.7544892
100.4982346
99.8308333
99.64256179
100.4666603
99.96903983
99.55910769
100.397912
100.1097126
99.51077482
100.2974664
100.2416458
99.50141336
100.1733247
100.3543296
99.53176901
100.0353761
100.4387877
99.59942368
99.89460947
100.4882922
99.69898803
99.76223817
100.4988996
99.82253082
99.64880684
100.469765
99.9602107
99.56335135
