145.4648713
62.53827648
86.30864059
147.983875
73.88698668
74.51278639
146.5585457
86.61249578
65.45458665
141.5390089
99.60169108
59.70176289
133.5525718
111.7844018
57.51464016
123.435634
122.2214728
58.84117758
112.1511117
130.177083
63.33913808
100.699226
135.1697456
70.42219554
90.02975556
136.9985347
79.32480519
80.96338842
135.7434153
89.17922295
74.12867562
131.7408983
99.09726076
69.9194227
125.5383925
108.2492593
68.47531967
117.8323906
115.9333321
69.68639606
109.3968635
121.6291144
73.21970504
101.0088516
125.0319066
78.56468309
93.37819639
126.0650753
85.09207133
87.08767615
124.8706698
92.12025112
82.54858
121.7802349
98.9824184
79.9750989
117.2695686
105.08822
79.37900445
111.9025293
109.9742631
80.58410376
106.2698257
113.3391976
83.2580929
100.9289628
115.0607219
86.95785209
96.35116385
115.1937147
91.18307489
92.88018689
113.9505684
95.43249918
90.70660641
111.6665065
99.25695595
89.85947688
108.7540651
102.3039652
90.21549649
105.6518614
104.3496241
91.52402705
102.7731956
105.3149436
93.44476618
100.4598895
105.265452
95.5936605
98.94609467
104.3946297
97.59190425
98.33566716
102.9933978
99.11265411
98.59522734
101.4092951
99.92042141
99.56335135
145.4648713
62.53827648
86.30864059
147.983875
73.88698668
74.51278639
146.5585457
86.61249578
65.45458665
141.5390089
99.60169108
59.70176289
133.5525718
111.7844018
57.51464016
123.435634
122.2214728
58.84117758
112.1511117
130.177083
63.33913808
100.699226
135.1697456
70.42219554
90.02975556
136.9985347
79.32480519
80.96338842
135.7434153
89.17922295
74.12867562
131.7408983
99.09726076
69.9194227
125.5383925
108.2492593
68.47531967
117.8323906
115.9333321
69.68639606
109.3968635
121.6291144
73.21970504
101.0088516
125.0319066
78.56468309
93.37819639
126.0650753
85.09207133
87.08767615
124.8706698
92.12025112
82.54858
121.7802349
98.9824184
79.9750989
117.2695686
105.08822
79.37900445
111.9025293
109.9742631
80.58410376
106.2698257
113.3391976
83.2580929
100.9289628
115.0607219
86.95785209
96.35116385
115.1937147
91.18307489
92.88018689
113.9505684
95.43249918
90.70660641
111.6665065
99.25695595
89.85947688
108.7540651
102.3039652
90.21549649
105.6518614
104.3496241
91.52402705
102.7731956
105.3149436
93.44476618
100.4598895
105.265452
95.5936605
98.94609467
104.3946297
97.59190425
98.33566716
102.9933978
99.11265411
98.59522734
101.4092951
99.92042141
99.56335135
