6
78
85
70
52
94
21
44
44
85
48
43
98
3
86
16
43
99
67
78
23
48
88
85
20
89
21
29
65
51
29
95
70
27
71
28
36
87
24
39
89
26
72
52
60
69
53
74
15
53
33
29
60
16
25
3
39
49
49
44
71
55
43
16
94
36
7
28
64
5
12
57
51
53
82
4
56
68
98
53
98
59
86
31
5
45
7
28
39
76
42
91
3
42
71
8
50
21
62
1
6
78
85
70
52
94
21
44
44
85
48
43
98
3
86
16
43
99
67
78
23
48
88
85
20
89
21
29
65
51
29
95
70
27
71
28
36
87
24
39
89
26
72
52
60
69
53
74
15
53
33
29
60
16
25
3
39
49
49
44
71
55
43
16
94
36
7
28
64
5
12
57
51
53
82
4
56
68
98
53
98
59
86
31
5
45
7
28
39
76
42
91
3
42
71
8
50
21
62
1
