598.2753928
601.9344859
598.5276146
598.8459956
600.6179881
599.3819545
598.1634344
599.5870945
598.9644604
598.0449461
600.3782588
601.9971801
600.8161641
598.2843938
598.052716
600.0442535
598.4246081
599.1038528
598.6661239
598.0344297
598.0747883
598.9949114
600.7674526
599.9026728
598.9644604
598.0078243
598.020015
601.9961659
598.0007051
598.106264
599.3819545
599.2000294
598.1006257
601.5421221
601.7919687
598.5640298
598.1179474
601.9971801
598.0568156
598.9644604
601.9992965
598.3819802
601.9687639
601.9905333
601.7508898
601.7677267
598.9795941
601.9949878
598.9045415
598.2664658
599.7440726
600.1326137
599.2000294
598.3819802
601.7919687
601.9992965
598.0412786
599.9558068
598.2843938
598.0112651
599.8320211
598.8605489
601.6180553
600.7510192
600.880286
601.9472978
598.8750923
601.9867808
598.1926156
598.0132262
601.9203406
599.6566247
601.5078045
601.2110557
598.2843938
598.8316313
600.2031714
599.1356441
598.0281967
600.1679189
600.9276043
601.4110593
598.0344297
598.0610961
599.3483804
601.5078045
599.6566247
601.1248579
601.6684467
598.3924132
599.5697306
600.848358
599.0881154
601.9472978
598.1634344
598.8172606
599.7792255
601.7335041
598.8750923
598.6927128
598.7749035
598.3218569
598.4578396
601.9905333
598.8030799
601.9717932
599.6740184
601.8569426
601.9431701
598.9949114
600.2208344
600.2031714
599.5525181
600.880286
601.4110593
601.575429
598.8030799
598.6530302
601.7840097
601.6684467
601.9774092
600.5162615
598.4246081
598.4030439
598.0153291
598.215963
601.3470143
598.4137272
601.8937554
598.5518056
601.6684467
598.5640298
600.4475407
600.1503323
600.5162615
599.4837967
601.9101473
601.9905333
600.3955681
599.4837967
599.6740184
598.0078243
598.0112651
601.6386111
599.2162301
599.4496733
598.1634344
598.2843938
598.8316313
601.993662
598.6270707
599.6566247
599.7615799
601.2390412
598.0153291
601.9587092
601.9949878
600.0618898
598.7197113
601.9717932
598.8459956
600.848358
598.3924132
600.7674526
600.0796418
598.0344297
598.0344297
600.6011851
598.0487414
601.1539551
598.0019584
599.9204185
601.1826908
600.2734744
599.7792255
601.3206334
599.8850551
601.9905333
598.5640298
601.1539551
601.2390412
598.052716
598.0568156
601.9774092
598.5764505
601.9203406
600.848358
598.5038849
598.0094726
598.8030799
598.3716031
598.6530302
600.2734744
600.3782588
599.5180819
598.9045415
600.4990802
601.2110557
598.0344297
601.8698008
601.7422948
600.2383603
598.0568156
598.5518056
601.9980443
598.7471111
598.1777395
598.1120118
598.5518056
598.5276146
598.1565208
598.084681
600.3955681
598.2080581
599.0411225
600.3782588
600.4990802
601.1684176
600.7015947
601.3729731
598.2322451
598.4137272
599.3317261
600.5332859
601.7997337
598.5640298
598.3716031
598.4137272
598.5396117
600.2208344
598.0050079
598.0012513
598.0094726
598.1777395
598.0449461
601.5421221
601.1102266
598.8172606
600.848358
598.0078243
598.6270707
598.2753928
601.3206334
601.5644242
601.9980443
600.9119382
598.3924132
598.2664658
599.6391391
601.0203541
600.9433046
600.9743754
601.9622227
598.2406228
598.095174
599.8850551
601.3600028
601.9921703
601.5421221
598.0078243
600.6849329
601.6180553
600.2208344
598.6015415
598.2080581
601.7919687
599.0102032
599.6043729
601.5969924
598.2843938
601.9774092
600.5673244
598.1497049
601.9824056
598.4578396
598.6927128
601.7246377
598.0153291
601.9048443
600.5673244
601.9980443
598.3924132
601.6075509
600.4129645
599.6740184
601.8634228
598.4578396
601.2938386
601.9203406
599.7792255
598.8459956
598.0007051
599.2984618
601.448236
599.0256773
598.0019584
598.5276146
600.8161641
600.0442535
600.097267
598.2753928
601.9344859
598.5276146
598.8459956
600.6179881
599.3819545
598.1634344
599.5870945
598.9644604
598.0449461
600.3782588
601.9971801
600.8161641
598.2843938
598.052716
600.0442535
598.4246081
599.1038528
598.6661239
598.0344297
598.0747883
598.9949114
600.7674526
599.9026728
598.9644604
598.0078243
598.020015
601.9961659
598.0007051
598.106264
599.3819545
599.2000294
598.1006257
601.5421221
601.7919687
598.5640298
598.1179474
601.9971801
598.0568156
598.9644604
601.9992965
598.3819802
601.9687639
601.9905333
601.7508898
601.7677267
598.9795941
601.9949878
598.9045415
598.2664658
599.7440726
600.1326137
599.2000294
598.3819802
601.7919687
601.9992965
598.0412786
599.9558068
598.2843938
598.0112651
599.8320211
598.8605489
601.6180553
600.7510192
600.880286
601.9472978
598.8750923
601.9867808
598.1926156
598.0132262
601.9203406
599.6566247
601.5078045
601.2110557
598.2843938
598.8316313
600.2031714
599.1356441
598.0281967
600.1679189
600.9276043
601.4110593
598.0344297
598.0610961
599.3483804
601.5078045
599.6566247
601.1248579
601.6684467
598.3924132
599.5697306
600.848358
599.0881154
601.9472978
598.1634344
598.8172606
599.7792255
601.7335041
598.8750923
598.6927128
598.7749035
598.3218569
598.4578396
601.9905333
598.8030799
601.9717932
599.6740184
601.8569426
601.9431701
598.9949114
600.2208344
600.2031714
599.5525181
600.880286
601.4110593
601.575429
598.8030799
598.6530302
601.7840097
601.6684467
601.9774092
600.5162615
598.4246081
598.4030439
598.0153291
598.215963
601.3470143
598.4137272
601.8937554
598.5518056
601.6684467
598.5640298
600.4475407
600.1503323
600.5162615
599.4837967
601.9101473
601.9905333
600.3955681
599.4837967
599.6740184
598.0078243
598.0112651
601.6386111
599.2162301
599.4496733
598.1634344
598.2843938
598.8316313
601.993662
598.6270707
599.6566247
599.7615799
601.2390412
598.0153291
601.9587092
601.9949878
600.0618898
598.7197113
601.9717932
598.8459956
600.848358
598.3924132
600.7674526
600.0796418
598.0344297
598.0344297
600.6011851
598.0487414
601.1539551
598.0019584
599.9204185
601.1826908
600.2734744
599.7792255
601.3206334
599.8850551
601.9905333
598.5640298
601.1539551
601.2390412
598.052716
598.0568156
601.9774092
598.5764505
601.9203406
600.848358
598.5038849
598.0094726
598.8030799
598.3716031
598.6530302
600.2734744
600.3782588
599.5180819
598.9045415
600.4990802
601.2110557
598.0344297
601.8698008
601.7422948
600.2383603
598.0568156
598.5518056
601.9980443
598.7471111
598.1777395
598.1120118
598.5518056
598.5276146
598.1565208
598.084681
600.3955681
598.2080581
599.0411225
600.3782588
600.4990802
601.1684176
600.7015947
601.3729731
598.2322451
598.4137272
599.3317261
600.5332859
601.7997337
598.5640298
598.3716031
598.4137272
598.5396117
600.2208344
598.0050079
598.0012513
598.0094726
598.1777395
598.0449461
601.5421221
601.1102266
598.8172606
600.848358
598.0078243
598.6270707
598.2753928
601.3206334
601.5644242
601.9980443
600.9119382
598.3924132
598.2664658
599.6391391
601.0203541
600.9433046
600.9743754
601.9622227
598.2406228
598.095174
599.8850551
601.3600028
601.9921703
601.5421221
598.0078243
600.6849329
601.6180553
600.2208344
598.6015415
598.2080581
601.7919687
599.0102032
599.6043729
601.5969924
598.2843938
601.9774092
600.5673244
598.1497049
601.9824056
598.4578396
598.6927128
601.7246377
598.0153291
601.9048443
600.5673244
601.9980443
598.3924132
601.6075509
600.4129645
599.6740184
601.8634228
598.4578396
601.2938386
601.9203406
599.7792255
598.8459956
598.0007051
599.2984618
601.448236
599.0256773
598.0019584
598.5276146
600.8161641
600.0442535
600.097267
