568
632
560
528
564
572
552
528
516
560
612
608
556
524
528
612
648
584
536
520
532
572
608
568
564
612
648
572
532
556
592
552
528
524
508
516
544
564
544
520
552
564
584
560
528
540
552
548
516
536
564
556
544
556
608
564
540
552
552
568
584
560
532
496
480
468
496
532
532
536
512
508
532
540
564
556
544
592
640
612
596
596
616
592
584
580
584
536
528
540
512
496
508
572
588
540
544
556
536
528
564
564
524
548
580
544
524
500
524
588
624
584
548
544
540
532
512
528
564
568
532
512
496
520
568
572
584
564
520
508
524
544
528
492
496
540
548
536
524
544
584
612
576
548
572
612
576
532
520
528
564
564
552
600
612
612
560
572
580
568
620
612
568
612
676
608
564
552
552
556
536
540
560
568
536
556
568
564
536
512
496
524
580
612
620
616
604
556
560
560
568
556
540
568
544
504
532
568
596
596
580
588
564
548
568
640
652
612
568
524
520
576
576
540
520
540
592
616
580
568
600
632
684
580
556
544
528
524
504
536
616
556
536
564
592
600
568
544
624
652
632
564
540
544
544
556
540
540
568
624
592
560
536
520
536
564
584
588
548
532
516
548
592
588
552
536
532
532
540
564
556
528
524
560
600
556
532
540
564
552
540
540
536
528
512
496
508
532
516
508
576
616
572
532
548
612
580
552
544
580
608
572
572
608
612
572
568
572
576
552
528
568
584
580
600
564
544
532
548
576
556
548
516
520
572
572
544
512
504
532
564
588
548
520
508
540
560
596
600
580
556
520
524
548
588
