636
620
572
564
572
576
564
556
560
604
624
588
576
616
656
612
584
600
600
592
560
556
572
584
576
552
552
584
604
580
572
592
616
612
564
572
580
588
568
556
580
616
604
576
572
584
604
568
556
576
592
596
560
556
572
584
568
552
552
592
608
568
560
568
588
596
564
560
568
596
564
560
576
592
588
560
564
580
604
572
560
560
584
612
592
568
588
600
620
572
564
580
608
616
576
572
596
628
608
572
596
636
668
584
584
600
604
600
572
576
608
612
580
572
600
632
584
572
584
600
596
564
556
560
576
612
556
564
576
596
580
564
560
596
628
572
564
580
596
580
560
552
576
596
572
552
548
548
536
536
536
532
544
584
616
568
564
596
616
572
560
580
596
608
568
564
572
588
564
568
596
644
620
584
588
624
636
584
572
580
604
612
572
564
580
608
580
552
556
572
584
564
556
564
584
600
576
560
560
584
620
592
568
568
600
624
588
580
584
648
644
580
564
576
576
576
556
544
536
532
540
576
616
576
576
612
636
596
580
604
612
596
568
576
592
596
568
560
580
608
596
572
580
604
612
568
564
584
592
564
552
576
596
612
576
580
612
648
596
584
596
600
584
560
572
600
584
552
548
556
564
564
556
560
604
624
580
580
588
584
572
548
536
524
520
528
564
592
560
560
600
648
624
588
596
636
632
584
576
588
600
580
568
604
652
648
596
604
620
640
596
588
624
628
588
568
572
604
