628
628
652
716
676
680
748
812
788
752
660
700
752
728
624
656
728
768
848
836
772
776
708
468
250
250
280
1296
1528
816
800
772
764
708
684
612
608
696
756
740
736
772
660
656
676
664
644
700
776
692
652
652
756
756
668
676
720
776
776
692
716
696
656
608
636
724
780
664
652
736
776
808
796
768
676
608
560
560
612
780
808
720
776
824
860
732
816
852
716
676
620
676
640
560
564
784
768
792
692
720
768
748
672
644
664
676
648
676
700
740
688
640
656
692
812
736
660
628
664
708
744
728
636
684
712
816
840
764
668
676
732
776
720
652
696
544
250
704
640
712
624
620
692
692
768
780
736
648
632
656
684
684
688
720
720
728
652
692
736
772
720
672
684
752
748
760
668
672
688
724
660
716
756
788
712
648
676
784
716
604
608
652
772
700
652
716
768
748
660
728
780
780
776
648
688
604
592
676
696
668
672
760
744
656
660
680
712
760
700
716
752
748
708
712
692
648
608
632
748
780
792
668
624
660
724
780
652
636
660
756
568
796
664
616
712
820
816
840
788
716
700
684
696
696
672
668
672
684
608
600
