624
592
552
572
572
568
532
540
544
560
556
580
544
540
556
548
524
524
532
524
516
516
532
532
524
540
516
504
504
516
532
512
520
564
580
564
548
568
576
560
532
528
532
548
536
516
504
492
484
488
516
524
552
592
580
548
548
592
612
588
556
548
580
596
572
540
540
580
568
544
528
524
560
592
596
584
580
592
592
572
568
584
588
588
576
568
564
588
572
548
536
556
560
564
540
552
576
608
564
544
524
532
540
544
532
520
532
552
548
540
536
552
548
536
520
524
540
596
596
564
540
572
584
572
556
540
564
572
568
560
552
572
588
548
520
512
520
508
500
520
528
544
532
556
608
648
688
612
592
612
628
616
584
568
604
616
584
580
604
600
608
572
540
560
564
544
536
544
564
568
540
536
552
540
516
512
524
544
516
504
500
520
528
516
508
528
556
560
536
524
548
560
564
536
544
552
548
572
544
528
532
548
548
520
516
540
556
568
544
532
540
544
528
532
572
596
600
572
568
564
604
612
600
580
564
588
588
556
528
540
528
552
544
524
520
560
560
584
536
524
508
524
512
496
496
524
560
532
528
552
572
544
540
560
588
568
572
540
532
548
540
540
540
560
556
536
516
532
532
528
504
500
516
544
548
536
524
540
552
564
560
556
540
552
572
572
556
540
560
616
600
580
556
568
580
580
556
544
540
536
532
536
568
612
580
564
556
576
588
548
528
528
540
556
528
520
524
536
560
576
564
532
536
552
540
528
520
524
548
568
540
536
552
564
