638.3614637
548.8139391
506.9407053
419.5943606
656.1651127
722.9017967
820.8933605
584.4314964
581.7773948
409.5307629
601.2923038
645.5681138
814.1574404
637.8762094
406.2795822
476.461927
576.3359529
688.4824389
681.0737787
658.3557348
487.7155017
525.002938
557.3733584
635.6310366
815.0910102
766.9051852
578.3817282
487.3751136
471.3341049
616.9676595
832.3445589
680.919666
597.6765692
420.951672
336.1218761
565.5777675
800.5384816
750.9016358
611.4656461
567.986973
514.1014829
509.6033188
704.3613007
829.963961
743.9382249
588.7633734
343.977449
546.8680198
626.1515513
757.2894626
712.8074379
572.2915673
447.5650575
406.7708089
600.9293238
706.6525135
662.0908111
622.6442257
571.4700317
400.9456871
579.0937675
697.6585385
605.9153795
711.2874534
463.3237141
306.1036479
482.4662554
695.0708929
834.4401296
725.3972022
558.8999772
517.7837
426.9947112
639.666706
682.035863
756.6229529
598.3273483
529.6601464
538.1780047
596.5779954
739.8034768
678.8232489
664.6308906
470.1155123
574.4062073
565.46714
754.4023406
892.8163721
693.8725763
493.806553
584.0901206
470.3259993
623.1722952
717.3045834
640.1595459
585.2047032
452.9015417
522.9869049
602.986566
800.9202972
624.0841315
603.8602567
429.473666
374.6454134
588.6749247
605.4918924
852.5743526
626.2856718
455.7494553
581.0186045
538.6895931
667.0274584
657.7254649
714.6113133
502.5828682
558.2215358
579.7252785
620.9933657
798.6928626
757.9511083
597.6154831
349.5043107
361.1363641
597.5878187
787.4760539
827.5001775
631.833197
466.9640022
552.9069349
592.2868821
694.0576196
734.8096598
630.1872054
526.7150387
304.161913
494.6417028
685.546338
846.3331699
649.539523
546.3925214
472.3540364
387.2303945
611.2129924
823.0137347
754.6760904
620.2342243
410.4403958
367.5665017
557.0417376
786.6999653
727.3160975
675.040256
517.2082442
511.1707826
570.2831577
734.892556
606.977817
675.6909844
578.4228289
328.775051
546.6168933
612.1824515
619.6329085
819.4307005
589.1207424
579.8644324
378.3184747
591.4344856
753.3112677
634.7058058
638.0736326
450.4231866
346.8205224
530.5477156
755.0074127
631.9198055
628.2853264
565.0009701
463.3430408
455.7711234
685.9453488
603.9101332
631.0433043
585.3708399
575.6118648
507.3765475
601.0523261
664.2183137
735.693958
615.3168843
565.4368841
321.4028676
598.7612836
704.6340016
812.6857481
659.9316301
593.9444814
528.2283412
514.635746
606.8206275
625.950157
701.1200592
578.4556547
498.1464883
392.3289108
659.7466782
605.646219
698.3466394
587.4855683
515.1477626
462.3610493
586.5514512
807.9200997
878.5817127
638.5678849
470.0446998
563.9752453
561.5742483
713.3258323
627.8903848
699.2536629
533.6836124
523.1084412
524.0560343
635.997298
859.9945089
803.0121073
586.2890831
407.4252064
397.562143
620.3245619
631.9673797
616.4682891
611.5747731
494.9683971
370.6703492
569.1767293
717.3071139
866.2143054
650.4961024
515.7419786
394.9756765
562.6127334
709.0577725
665.9354617
682.5077909
533.9053937
384.7700518
485.3604066
625.3037721
867.0195129
785.3842701
594.8175997
400.187857
491.3497454
589.5350301
669.64097
680.4868401
611.1848496
521.139031
474.9406954
567.9425883
638.8410125
762.0813753
625.9867067
461.7349949
427.1082374
573.2228986
611.1280622
789.9857165
770.6803498
595.2581831
541.1193973
576.6999902
621.3105204
852.6675822
666.9074327
602.7540963
431.0085789
485.7042921
593.6475571
692.762853
659.0018191
647.8940792
482.1982892
419.2035807
594.7186085
611.391503
810.925782
635.9954513
506.7313786
534.9304927
443.078023
652.9168056
605.714533
734.93568
589.6287244
397.5270057
524.9180141
597.6356617
