605.4030231
595.8385316
590.100075
593.4635638
602.8366219
609.6017029
607.5390225
598.5449997
590.8886974
591.6092847
600.044257
608.4385396
609.0744678
601.3673722
592.4031209
590.4234052
597.2483666
606.6031671
609.8870462
604.0808206
594.5227074
590.0003917
594.6716698
604.2417901
609.9120281
606.4691932
597.0786119
590.3739413
592.5194247
601.5425145
609.1474236
608.3422336
599.8672325
591.5142973
590.9630779
598.7203631
607.6541405
609.5507364
602.6664293
593.3306194
590.1266072
596.0001469
605.551133
609.9984331
605.2532199
595.6782206
590.0766453
593.5985566
603.0059254
609.6496603
607.421542
598.3700922
590.8171721
591.7069017
600.2212676
608.5322011
608.9986683
601.1918014
592.2891978
590.4758702
597.4189836
606.7350716
609.8589658
603.9185723
594.3754615
590.0035254
594.822302
604.4014302
609.9339038
606.333192
596.9097727
590.3274941
592.6380728
601.7171734
609.2175127
608.2433133
599.6902497
591.4219691
591.0402905
598.8961276
607.7668598
609.496777
602.4954012
593.199765
590.1562336
596.1630156
605.6975033
609.9937328
605.1017704
595.5192638
590.0563254
593.7355555
603.174287
609.6945937
607.3017356
598.1956955
590.7485246
591.8071175
600.3982088
608.6231887
608.9200487
601.015857
592.1776911
590.5313199
597.5904095
606.8648655
609.8277958
603.755096
594.2299782
590.0097919
594.9745568
604.559691
609.9526664
606.1952061
596.7419019
590.2840781
592.759028
601.8912942
609.2847132
608.1418097
599.5133639
591.3323291
591.1203109
599.072238
607.8771451
609.4398414
602.323591
593.0710418
590.1889448
596.3270867
605.8420882
609.9859007
604.9487222
595.3617113
590.0391216
593.8745176
603.3416538
609.7364889
607.179641
598.0218643
590.6827764
591.9099009
600.5750253
608.711474
608.8386337
600.8395944
592.0686358
590.5897369
597.7625905
606.9925081
609.793546
603.5904429
594.0863032
590.0191891
595.1283865
604.7165229
609.9683099
606.0552787
596.5750522
590.2437069
592.8822524
602.0648223
609.349004
608.0377546
599.3366306
591.2454054
591.2031141
599.2486391
607.9849619
609.3799475
602.1510527
592.9444899
590.2247306
596.4923089
605.9848422
609.9749392
604.7941231
595.2056123
590.0250395
594.0153993
603.5079734
609.7753329
607.0552964
597.8486529
590.619948
592.0152196
600.7516615
608.7970293
608.7544489
600.6630686
591.9620661
590.6511029
597.9354727
607.1179593
609.756227
603.4246646
593.9444814
590.0317141
595.2837429
604.8718768
609.9808296
605.9134538
596.4092758
590.2063931
593.0077074
602.2377033
609.4103651
607.9311806
599.1601053
591.1612253
591.288674
599.4252757
608.0902763
609.3171141
601.9778403
592.8201492
590.2635798
596.6586303
606.1257207
609.9608517
604.6380216
595.0510159
590.0140833
594.1581565
603.6731937
609.8111135
606.9287409
597.6761158
590.5600591
592.1230406
600.9280622
608.8798277
608.6675206
600.486335
591.8580153
590.7153988
598.1090018
607.2411799
609.7158506
603.2578131
593.8045572
590.0473629
595.4405772
605.0257038
609.9902215
605.7697756
596.2446246
590.1721485
593.1353537
602.4098831
609.4687771
607.8221211
598.9838431
591.079815
591.3769639
599.6020924
608.1930553
609.2513609
601.804008
592.6980584
590.3054803
596.8259988
606.2646794
609.9436427
604.4804667
594.8979703
590.0062565
594.3027444
603.8372628
609.8438195
606.8000139
597.5043069
590.5031286
592.2333301
601.104172
608.9598433
608.577876
600.309449
591.756516
590.7826042
598.2831235
607.3621312
609.6724294
603.0899406
593.6665747
590.0661308
595.5988405
605.1779559
609.9964826
605.6242893
596.0811504
590.1409837
593.2651512
602.5813076
609.5242217
607.7106103
598.8078994
591.0012003
591.4679561
599.7790338
