601.3817733
600.4931506
599.1511275
598.5895539
599.3247379
600.6807548
601.4108889
600.8438582
599.5009882
598.6169074
599.0044355
600.307281
601.3276138
601.1273446
599.8905999
598.7544372
598.7634392
599.9093295
601.1385818
601.3210273
600.2889264
598.9911879
598.6209466
599.5186006
600.8588511
601.4094778
600.6642371
599.3082999
598.5883086
599.1662198
600.5107047
601.38565
600.9866351
599.6805124
598.6681251
598.8802575
600.1218759
601.2514422
601.2304383
600.0781751
598.8540381
598.6834931
599.7233386
601.0175452
601.3762255
600.4696104
599.1312377
598.591601
599.3468399
600.7025912
601.4123834
600.8236368
599.4776424
598.6119011
599.0223716
600.3316691
601.3360316
601.1120528
599.8656578
598.7427764
598.7757806
599.9343265
601.1532523
601.3118833
600.2643748
598.9738014
598.6267102
599.5422153
600.8786056
601.4072099
600.6420319
599.2865728
598.5870353
599.1865711
600.5339696
601.390439
600.9685451
599.6561754
598.6599164
598.8957241
600.146798
601.2629065
601.2179046
600.0531668
598.8395477
598.6928431
599.7479325
601.0347716
601.3702465
600.445923
599.1116201
598.5940895
599.3691466
600.7242074
601.4134353
600.8031573
599.4544602
598.6073299
599.040614
600.3559532
601.3440307
601.0964125
599.8407577
598.7315096
598.7885057
599.9593441
601.1675613
601.3023281
600.2397404
598.9567365
598.6329042
599.5659735
600.8980847
601.404501
600.6196255
599.2650692
598.5862049
599.2071773
600.5570672
601.3947922
600.9501516
599.6319461
598.6521276
598.9115368
600.1716741
601.273975
601.2049892
600.0281419
598.8254211
598.7026027
599.7726054
601.0516737
601.363838
600.4220959
599.0922809
598.5970186
599.3916509
600.7455966
601.4140442
600.7824261
599.431449
598.6031951
599.0591572
600.3801258
601.3516085
601.0804286
599.8159076
598.7206403
598.8016104
599.9843744
601.1815045
601.2923648
600.2150309
598.9399986
598.6395267
599.5898677
600.9172825
601.401352
600.597025
599.2437959
598.5858175
599.2280319
600.5799902
601.3987082
600.9314603
599.6078321
598.6447612
598.9276906
600.1964963
601.2846442
601.1916961
600.0031081
598.8116625
598.7127689
599.7973496
601.0682462
601.3570021
600.3981366
599.0732261
598.6003873
599.4143459
600.7667522
601.4142101
600.7614497
599.408616
598.599498
599.0779951
600.4041793
601.3587628
601.0641061
599.7911152
598.7101719
598.8150907
600.0094096
601.1950774
601.2819965
600.190254
598.9235928
598.6465755
599.6138904
600.9361927
601.3977638
600.5742373
599.2227597
598.5858732
599.2491284
600.6027315
601.402186
600.9124772
599.583841
598.6378195
598.9441805
600.221257
601.2949109
601.1780296
599.9780734
598.7982764
598.7233385
599.8221573
601.0844839
601.349741
600.3740524
599.0544618
598.6041947
599.4372245
600.7876675
601.4139327
600.7402346
599.3859683
598.5962399
599.097122
600.428106
601.3654913
601.0474502
599.7663882
598.7001078
598.8289423
600.0344419
601.2082757
601.2712265
600.1654174
598.9075244
598.6540484
599.6380341
600.9548096
601.3937376
600.5512696
599.201967
598.5863722
599.2704603
600.6252838
601.4052243
600.893208
599.5599804
598.6313048
598.9610012
600.2459484
601.3047717
601.163994
599.9530455
598.7852668
598.7343082
599.8470208
601.1003818
601.3420568
600.3498511
599.0359938
598.6084394
599.4602794
600.808336
601.4132122
600.7187876
599.363513
598.5934216
599.1165319
600.4518987
601.3717919
601.030466
599.7417344
598.690451
598.8431609
600.0594634
601.2210955
601.260058
600.1405291
598.8917983
598.6619431
599.6622912
600.9731272
601.3892746
600.5281293
599.1814244
598.5873141
599.2920208
600.6476403
601.4078223
600.873659
599.5362577
598.6252189
598.9781475
