602.1612092
598.3354127
596.04003
597.3854255
601.1346487
603.8406811
603.015609
599.4179999
596.355479
596.6437139
600.0177028
603.3754158
603.6297871
600.5469489
596.9612483
596.1693621
598.8993466
602.6412668
603.9548185
601.6323282
597.809083
596.0001567
597.8686679
601.696716
603.9648112
602.5876773
598.8314448
596.1495765
597.0077699
600.6170058
603.6589694
603.3368934
599.946893
596.6057189
596.3852312
599.4881452
603.0616562
603.8202946
601.0665717
597.3322478
596.0506429
598.4000587
602.2204532
603.9993732
602.101288
598.2712882
596.0306581
597.4394226
601.2023702
603.8598641
602.9686168
599.3480369
596.3268689
596.6827607
600.088507
603.4128804
603.5994673
600.4767205
596.9156791
596.1903481
598.9675935
602.6940286
603.9435863
601.5674289
597.7501846
596.0014102
597.9289208
601.7605721
603.9735615
602.5332768
598.7639091
596.1309976
597.0552291
600.6868694
603.6870051
603.2973253
599.8760999
596.5687876
596.4161162
599.558451
603.1067439
603.7987108
600.9981605
597.279906
596.0624934
598.4652062
602.2790013
603.9974931
602.0407082
598.2077055
596.0225302
597.4942222
601.2697148
603.8778375
602.9206942
599.2782782
596.2994099
596.722847
600.1592835
603.4492755
603.5680195
600.4063428
596.8710764
596.212528
599.0361638
602.7459462
603.9311183
601.5020384
597.6919913
596.0039167
597.9898227
601.8238764
603.9810665
602.4780825
598.6967608
596.1136312
597.1036112
600.7565177
603.7138853
603.2567239
599.8053456
596.5329316
596.4481244
599.6288952
603.150858
603.7759366
600.9294364
597.2284167
596.0755779
598.5308347
602.3368353
603.9943603
601.9794889
598.1446845
596.0156487
597.549807
601.3366615
603.8945956
602.8718564
599.2087457
596.2731106
596.7639604
600.2300101
603.4845896
603.5354535
600.3358377
596.8274543
596.2358948
599.1050362
602.7970032
603.9174184
601.4361771
597.6345213
596.0076756
598.0513546
601.8866092
603.987324
602.4221115
598.6300209
596.0974827
597.152901
600.8259289
603.7396016
603.2151018
599.7346523
596.4981622
596.4812456
599.6994556
603.1939847
603.751979
600.8604211
597.177796
596.0898922
598.5969235
602.3939369
603.9899757
601.9176492
598.0822449
596.0100158
597.6061597
601.4031894
603.9101332
602.8221186
599.1394612
596.2479792
596.8060878
600.3006646
603.5188117
603.5017796
600.2652274
596.7848264
596.2604412
599.1741891
602.8471837
603.9024908
601.3698658
597.5777925
596.0126856
598.1134971
601.9487507
603.9923318
602.3653815
598.5637103
596.0825572
597.203083
600.8950813
603.764146
603.1724722
599.6640421
596.4644901
596.5154696
599.7701103
603.2361105
603.7268457
600.7911361
597.1280597
596.1054319
598.6634521
602.4502883
603.9843407
601.8552087
598.0204063
596.0056333
597.6632626
601.4692775
603.9244454
602.7714963
599.0704463
596.2240237
596.8492162
600.3712249
603.5519311
603.4670082
600.194534
596.7432061
596.2861595
599.2436007
602.8964719
603.8863402
601.3031252
597.5218229
596.0189452
598.1762309
602.0102815
603.9960886
602.3079102
598.4978499
596.0688594
597.2541415
600.9639532
603.7875108
603.1288484
599.5935372
596.431926
596.5507856
599.840837
603.2772221
603.7005444
600.7216032
597.0792234
596.1221921
598.7303995
602.5058718
603.9774571
601.7921867
597.9591881
596.0025026
597.7210978
601.5349051
603.9375278
602.7200056
599.0017228
596.2012514
596.893332
600.4416688
603.5839373
603.4311504
600.1237796
596.7026064
596.3130417
599.3132494
602.9448525
603.8689717
601.2359762
597.4666299
596.0264523
598.2395362
602.0711824
603.998593
602.2497157
598.4324601
596.0563935
597.3060605
601.032523
603.8096887
603.0842441
599.5231597
596.4004801
596.5871825
599.9116135
