601.0806046
597.0869721
595.0500375
596.0781383
600.8509866
601.9203406
606.031218
598.6904997
592.7109579
595.8046424
600.0088514
605.0631238
602.7223403
600.9571605
593.9224967
592.3387242
598.8993466
601.3206334
607.9096369
603.6727386
596.7136244
592.0003134
594.6716698
603.8176111
606.9384197
601.940758
598.8314448
594.2243648
594.0155398
601.2340116
602.7442271
603.3368934
599.946893
597.4542892
597.2889234
598.8483268
605.3578984
603.8202946
602.1331435
598.6661239
592.1012858
598.8000441
603.3306798
608.9985898
604.2025759
598.2712882
594.0459872
598.7197113
601.8035553
608.6846943
602.9686168
599.3480369
593.5720205
596.6827607
600.1991408
606.8257609
607.1989346
600.2383603
593.060278
593.3331091
598.4513902
602.6940286
606.9012761
601.5674289
594.3754615
590.0035254
597.9289208
603.9612872
609.9339038
602.5332768
597.5278182
597.0982482
597.0552291
601.7171734
604.6087563
608.2433133
599.6902497
597.4265907
592.8322324
599.116902
603.8834299
604.7483885
602.2458611
596.5998825
590.1562336
596.1630156
601.709251
608.9943596
605.1017704
599.1038528
592.0450603
598.7471111
600.6348574
609.6945937
601.4603471
599.0978478
594.4491148
595.9035588
600.1194626
606.0362321
603.5680195
600.3047571
598.4355382
593.3719239
597.8313686
604.1189193
609.8277958
603.3795864
596.5379869
594.0058751
597.9898227
600.9119382
603.9810665
601.8585618
596.7419019
595.142039
595.6554168
601.7021648
603.7138853
602.4425429
599.8053456
596.5329316
597.3360933
599.536119
603.150858
602.8319524
601.1617955
596.5355209
593.1322613
596.694378
601.7526265
605.9915404
604.45385
597.6808557
596.0156487
597.549807
603.3416538
603.8945956
602.1538923
599.2087457
590.6827764
591.9099009
600.5175227
604.355737
605.3031802
600.3358377
592.8617722
591.5307632
597.7625905
601.3985016
606.8554822
603.5904429
595.8604122
594.0115134
598.538516
600.9433046
606.977817
601.2110557
597.6025365
593.1705948
595.0175767
601.4453756
609.349004
604.8226528
599.7346523
598.2490811
591.2031141
599.6243195
603.1939847
607.503958
600.8604211
595.061143
593.1573114
599.2984618
605.9848422
609.9749392
602.3970616
595.2056123
598.0050079
597.6061597
603.5079734
601.9550666
602.8221186
598.0637876
594.3719688
598.4030439
600.4509969
607.0376234
601.7508898
600.5967617
598.3924132
593.4557721
599.3806418
601.4235919
607.8049816
601.7123323
595.1555851
592.0253712
597.6418714
601.9487507
602.9942489
605.3221084
597.8455655
596.0825572
593.7069367
600.4475407
601.882073
601.5862361
599.4960632
596.4644901
598.2577348
599.597693
601.6180553
606.5219799
600.7911361
592.8201492
594.1581479
596.6586303
601.2251441
607.9686814
604.6380216
596.0408127
591.012675
594.7423408
602.9385549
606.8677795
604.8501186
599.5352232
593.3920414
598.4246081
600.5568373
606.2158794
604.3337603
600.389068
597.5574046
593.5007791
598.1090018
602.172354
605.8295103
601.9546878
594.4241015
595.0236815
595.4405772
602.5128519
606.993155
601.1539551
598.1223123
595.0860742
597.2541415
601.2049415
607.5750216
606.2576969
599.0854588
591.9718335
592.2392675
599.6418832
606.5544442
606.4759527
600.902004
593.4282526
592.2443842
599.3651998
605.0117436
605.9661856
601.7921867
598.4693911
594.0037539
594.87247
600.7674526
609.8438195
603.400007
598.2530148
596.2012514
592.2333301
600.9937548
607.1678747
603.4311504
600.2166143
593.4052128
594.4695625
598.9698741
603.6810656
605.8034576
601.8539644
596.1999448
595.0330654
599.1197681
605.1779559
607.997186
602.2497157
597.6486902
594.0845902
593.9386361
601.8069153
607.6193773
603.8553051
599.6423698
595.5006001
594.0275693
599.8674203
601.0806046
597.0869721
595.0500375
596.0781383
600.8509866
601.9203406
606.031218
598.6904997
592.7109579
595.8046424
600.0088514
605.0631238
602.7223403
600.9571605
593.9224967
592.3387242
598.8993466
601.3206334
607.9096369
603.6727386
596.7136244
592.0003134
594.6716698
603.8176111
606.9384197
601.940758
598.8314448
594.2243648
594.0155398
601.2340116
602.7442271
603.3368934
599.946893
597.4542892
597.2889234
598.8483268
605.3578984
603.8202946
602.1331435
598.6661239
592.1012858
598.8000441
603.3306798
608.9985898
604.2025759
598.2712882
594.0459872
598.7197113
601.8035553
608.6846943
602.9686168
599.3480369
593.5720205
596.6827607
600.1991408
606.8257609
607.1989346
600.2383603
593.060278
593.3331091
598.4513902
602.6940286
606.9012761
601.5674289
594.3754615
590.0035254
597.9289208
603.9612872
609.9339038
602.5332768
597.5278182
597.0982482
597.0552291
601.7171734
604.6087563
608.2433133
599.6902497
597.4265907
592.8322324
599.116902
603.8834299
604.7483885
602.2458611
596.5998825
590.1562336
596.1630156
601.709251
608.9943596
605.1017704
599.1038528
592.0450603
598.7471111
600.6348574
609.6945937
601.4603471
599.0978478
594.4491148
595.9035588
600.1194626
606.0362321
603.5680195
600.3047571
598.4355382
593.3719239
597.8313686
604.1189193
609.8277958
603.3795864
596.5379869
594.0058751
597.9898227
600.9119382
603.9810665
601.8585618
596.7419019
595.142039
595.6554168
601.7021648
603.7138853
602.4425429
599.8053456
596.5329316
597.3360933
599.536119
603.150858
602.8319524
601.1617955
596.5355209
593.1322613
596.694378
601.7526265
605.9915404
604.45385
597.6808557
596.0156487
597.549807
603.3416538
603.8945956
602.1538923
599.2087457
590.6827764
591.9099009
600.5175227
604.355737
605.3031802
600.3358377
592.8617722
591.5307632
597.7625905
601.3985016
606.8554822
603.5904429
595.8604122
594.0115134
598.538516
600.9433046
606.977817
601.2110557
597.6025365
593.1705948
595.0175767
601.4453756
609.349004
604.8226528
599.7346523
598.2490811
591.2031141
599.6243195
603.1939847
607.503958
600.8604211
595.061143
593.1573114
599.2984618
605.9848422
609.9749392
602.3970616
595.2056123
598.0050079
597.6061597
603.5079734
601.9550666
602.8221186
598.0637876
594.3719688
598.4030439
600.4509969
607.0376234
601.7508898
600.5967617
598.3924132
593.4557721
599.3806418
601.4235919
607.8049816
601.7123323
595.1555851
592.0253712
597.6418714
601.9487507
602.9942489
605.3221084
597.8455655
596.0825572
593.7069367
600.4475407
601.882073
601.5862361
599.4960632
596.4644901
598.2577348
599.597693
601.6180553
606.5219799
600.7911361
592.8201492
594.1581479
596.6586303
601.2251441
607.9686814
604.6380216
596.0408127
591.012675
594.7423408
602.9385549
606.8677795
604.8501186
599.5352232
593.3920414
598.4246081
600.5568373
606.2158794
604.3337603
600.389068
597.5574046
593.5007791
598.1090018
602.172354
605.8295103
601.9546878
594.4241015
595.0236815
595.4405772
602.5128519
606.993155
601.1539551
598.1223123
595.0860742
597.2541415
601.2049415
607.5750216
606.2576969
599.0854588
591.9718335
592.2392675
599.6418832
606.5544442
606.4759527
600.902004
593.4282526
592.2443842
599.3651998
605.0117436
605.9661856
601.7921867
598.4693911
594.0037539
594.87247
600.7674526
609.8438195
603.400007
598.2530148
596.2012514
592.2333301
600.9937548
607.1678747
603.4311504
600.2166143
593.4052128
594.4695625
598.9698741
603.6810656
605.8034576
601.8539644
596.1999448
595.0330654
599.1197681
605.1779559
607.997186
602.2497157
597.6486902
594.0845902
593.9386361
601.8069153
607.6193773
603.8553051
599.6423698
595.5006001
594.0275693
599.8674203
