900
901
900
901
900
901
900
901
900
901
900
901
900
901
900
901
900
901
900
901
900
901
900
901
900
901
900
901
900
901
900
901
900
901
900
901
900
901
900
901
900
901
900
901
900
901
900
901
900
901
900
901
900
901
900
901
900
901
900
901
900
901
900
901
900
901
900
901
900
901
900
901
900
901
900
901
900
901
900
901
900
901
900
901
900
901
900
901
900
901
900
901
900
901
900
901
900
901
900
901
