900.841471
900.9092974
900.14112
899.2431975
899.0410757
899.7205845
900.6569866
900.9893582
900.4121185
899.4559789
899.0000098
899.4634271
900.420167
900.9906074
900.6502878
899.7120967
899.0386025
899.2490128
900.1498772
900.9129453
900.8366556
899.9911487
899.1537796
899.0944216
899.8676482
900.7625585
900.9563759
900.2709058
899.3363661
899.0119684
899.5959624
900.5514267
900.9999119
900.5290827
899.5718173
899.0082211
899.3564619
900.2963686
900.9637954
900.7451132
899.8413773
899.0834785
899.1682253
900.0177019
900.8509035
900.9017883
900.1235731
899.2317453
899.0462473
899.7376251
900.6702292
900.9866276
900.3959252
899.441211
899.0002448
899.478449
900.4361648
900.9928726
900.636738
899.6951894
899.0338822
899.2608193
900.1673557
900.920026
900.8268287
899.9734488
899.14448
899.1020723
899.8852152
900.7738907
900.9510547
900.2538234
899.323228
899.0148537
899.6122184
900.5661076
900.9995202
900.5139785
899.5558873
899.0061113
899.370112
900.3132288
900.9683645
900.7331903
899.8239244
899.0765416
899.1781822
900.0353983
900.8600694
900.8939967
900.1059875
899.2205339
899.0517179
899.754748
900.6832617
900.9835877
900.3796077
899.4266181
899.0007932
899.4936344
