908.4147098
909.0929743
901.4112001
892.431975
890.4107573
897.205845
906.569866
909.8935825
904.1211849
894.5597889
890.0000979
894.6342708
904.2016704
909.9060736
906.5028784
897.1209668
890.3860251
892.4901275
901.4987721
909.1294525
908.3665564
899.9114869
891.537796
890.9442164
898.6764825
907.6255845
909.5637593
902.7090579
893.3636612
890.1196838
895.9596235
905.5142668
909.9991186
905.2908269
895.7181733
890.0822115
893.5646187
902.9636858
909.6379539
907.4511316
898.4137733
890.8347845
891.6822526
900.1770193
908.5090352
909.0178835
901.2357312
892.3174534
890.4624735
897.3762515
906.7022918
909.8662759
903.9592515
894.4121095
890.0024483
894.78449
904.3616476
909.9287265
906.3673801
896.9518938
890.3388223
892.608193
901.673557
909.2002604
908.2682868
899.7344885
891.4448002
891.0207232
898.8521519
907.7389068
909.5105465
902.5382336
893.2322804
890.1485374
896.1221836
905.6610764
909.9952016
905.1397846
895.5588733
890.0611135
893.7011201
903.1322878
909.6836446
907.3319032
898.2392438
890.7654155
891.7818216
900.353983
908.6006941
908.9399666
901.0598751
892.2053393
890.5171786
897.5474801
906.8326171
909.8358775
903.7960774
894.2661813
890.0079317
894.9363436
