900.6908866
900.2465753
899.5755638
899.2947769
899.662369
900.3403774
900.7054444
900.4219291
899.7504941
899.3084537
899.5022177
900.1536405
900.6638069
900.5636723
899.9453
899.3772186
899.3817196
899.9546647
900.5692909
900.6605137
900.1444632
899.4955939
899.3104733
899.7593003
900.4294255
900.7047389
900.3321186
899.65415
899.2941543
899.5831099
900.2553524
900.692825
900.4933176
899.8402562
899.3340626
899.4401287
900.060938
900.6257211
900.6152192
900.0390875
899.427019
899.3417466
899.8616693
900.5087726
900.6881128
900.2348052
899.5656188
899.2958005
899.6734199
900.3512956
900.7061917
900.4118184
899.7388212
899.3059506
899.5111858
900.1658346
900.6680158
900.5560264
899.9328289
899.3713882
899.3878903
899.9671632
900.5766261
900.6559416
900.1321874
899.4869007
899.3133551
899.7711077
900.4393028
900.7036049
900.321016
899.6432864
899.2935177
899.5932855
900.2669848
900.6952195
900.4842726
899.8280877
899.3299582
899.4478621
900.073399
900.6314532
900.6089523
900.0265834
899.4197739
899.3464216
899.8739662
900.5173858
900.6851232
900.2229615
899.55581
899.2970447
899.6845733
900.3621037
900.7067176
900.4015786
899.7272301
899.3036649
899.520307
900.1779766
