900.841471
901.8185949
900.42336
896.97279
895.2053786
898.323507
904.5989062
907.914866
903.7090664
894.5597889
889.0001077
893.561125
905.4621715
913.868503
909.7543176
895.3935469
883.6562426
886.4822296
902.847667
918.258905
917.5697684
899.8052712
880.5369307
878.2661193
896.6912062
919.8265197
925.8221501
907.5853621
880.7546174
870.3590513
887.474833
917.6456538
932.9970914
917.9888113
885.0136066
864.2959613
876.1890891
911.262006
937.5880201
929.8045264
893.4964706
861.506095
864.2336861
900.7788847
938.2906586
941.482264
905.8079368
863.1237763
853.26612
886.8812573
934.181688
951.3046348
920.984033
869.8253914
845.0134655
870.7931439
924.861391
957.5866136
937.5675424
881.7113627
841.066816
854.1707968
910.5434091
958.8816664
953.7438642
898.2476238
842.6801614
838.9409177
892.0798478
954.1723477
967.5248804
918.2752821
850.5956471
827.0991767
870.9163773
943.0241804
976.9630522
940.0903196
864.9150992
820.4889077
848.9790725
925.6847602
980.3742503
961.5879869
885.0335723
820.5825736
828.5018482
903.1150506
976.5461771
980.4596997
909.6448636
828.2891216
811.8097609
876.9463134
964.9098629
994.4244236
936.8219507
843.8085765
801.0785234
849.3634359
