999
942
982
995
1000
947
943
936
916
982
926
946
948
991
954
975
910
973
968
971
936
905
961
954
952
941
913
948
905
985
946
944
972
996
960
912
935
951
997
999
903
979
906
916
914
972
959
944
911
988
929
989
919
943
983
977
953
925
905
904
950
961
961
907
937
948
986
986
991
982
961
963
980
923
980
984
961
917
906
967
909
964
974
977
913
990
978
946
925
909
917
918
940
942
974
949
904
951
941
959
