939
983
913
988
943
956
992
950
909
991
993
964
960
980
975
982
945
999
927
954
989
946
922
910
906
935
917
993
931
988
945
926
984
916
927
958
937
992
947
945
973
959
971
959
960
962
992
938
933
968
984
986
993
950
912
925
950
952
921
915
936
990
935
948
924
943
982
916
972
976
980
940
990
996
996
918
906
982
974
942
971
997
966
952
917
977
918
983
1000
911
961
981
923
970
998
940
976
926
994
957
972
999
984
986
923
992
960
936
962
946
981
935
905
963
925
935
992
990
942
934
983
993
980
961
962
914
915
990
961
956
921
1000
925
976
960
944
981
967
927
945
939
945
903
908
909
932
945
972
931
921
997
910
909
977
975
905
944
975
970
962
904
916
945
957
989
971
913
992
941
936
997
953
916
951
934
949
990
933
920
994
944
989
985
990
930
978
928
954
940
910
920
911
922
954
960
982
968
918
947
988
999
906
931
972
977
955
974
985
949
939
1000
982
954
905
957
946
992
924
990
903
963
927
908
946
982
931
915
920
914
992
955
932
902
929
970
983
991
919
947
977
983
932
943
916
947
993
937
947
956
910
972
957
935
929
917
996
989
940
902
943
1000
963
1000
921
919
987
980
926
954
916
922
957
954
927
925
926
926
933
930
925
922
978
923
947
911
921
995
958
921
934
991
915
950
1000
918
990
998
928
912
921
902
915
929
992
945
953
975
970
938
950
932
904
905
970
957
995
984
921
946
923
988
965
994
941
989
956
1000
957
978
984
901
918
906
997
911
951
955
940
961
928
979
955
904
974
919
932
930
958
983
923
919
909
988
929
944
927
918
924
903
966
927
941
986
946
972
956
916
949
988
931
903
901
970
987
936
905
929
931
948
987
993
903
995
901
913
916
978
923
924
916
947
979
973
941
926
968
920
999
937
978
989
908
973
906
990
965
968
933
997
980
911
939
935
973
921
975
924
988
968
945
906
927
924
972
952
965
1000
982
946
977
940
928
991
924
978
940
938
947
971
990
919
983
925
973
973
932
980
905
981
974
930
901
969
950
986
932
911
992
958
927
929
985
941
916
912
989
939
977
912
936
971
912
1000
932
997
905
947
906
998
961
929
988
905
953
994
921
949
984
961
922
998
926
954
921
913
933
939
967
942
965
912
985
954
907
991
920
959
1000
939
909
998
946
923
905
963
970
938
938
957
912
928
974
919
974
999
929
953
985
931
969
904
932
973
965
919
992
930
959
935
965
999
975
967
923
920
957
943
945
912
910
970
927
927
978
916
917
955
931
931
906
925
911
928
969
920
986
944
991
905
963
984
950
944
945
956
984
981
958
986
954
993
982
934
992
974
951
931
963
917
944
956
999
958
965
946
959
983
966
951
942
955
923
932
904
983
965
956
941
924
981
993
932
928
986
901
924
918
912
967
934
964
925
930
934
946
978
977
945
906
953
910
901
982
934
993
974
915
922
901
931
945
914
905
986
946
999
982
913
942
915
991
914
905
910
995
930
986
948
961
950
951
918
941
977
915
985
988
927
941
946
953
933
918
949
912
969
984
939
927
965
913
955
977
905
986
977
968
987
975
909
949
992
930
908
927
924
926
967
936
982
1000
988
933
939
987
966
912
966
944
949
988
943
980
1000
968
960
902
980
939
946
911
990
977
991
908
918
912
915
930
934
964
964
965
981
952
957
937
957
960
937
954
980
976
990
984
994
916
960
909
931
988
952
958
999
943
995
943
943
914
936
980
960
962
987
908
993
931
924
908
922
972
905
938
985
931
958
909
949
924
934
934
916
955
961
924
988
954
911
934
994
901
985
935
955
996
914
942
905
969
973
932
997
960
998
912
962
932
987
996
985
969
913
946
969
983
924
965
981
979
909
991
999
902
912
913
931
922
912
923
994
974
938
939
934
930
904
910
910
957
917
931
923
956
944
930
927
904
959
974
938
919
992
925
959
950
979
920
926
909
995
948
907
921
918
910
913
980
946
922
926
912
980
945
968
907
934
948
967
921
915
917
926
921
980
969
928
925
901
901
962
988
977
901
941
962
956
935
927
938
909
930
918
930
989
979
930
980
999
929
970
934
916
928
966
1000
979
979
987
949
950
907
901
921
961
956
924
923
974
924
966
934
986
945
981
915
912
935
984
959
942
955
944
994
988
1000
930
931
923
991
954
962
950
917
938
914
942
989
901
927
983
911
939
975
946
957
939
988
973
999
921
994
961
978
951
955
906
986
972
998
927
964
950
911
994
924
964
942
989
962
935
991
948
973
995
968
918
932
908
933
906
