472
476
484
500
528
576
568
556
560
552
544
532
516
496
488
480
496
504
512
512
504
516
544
572
580
556
528
512
508
520
532
540
540
556
556
544
532
524
504
500
504
508
536
528
520
528
524
516
512
496
480
468
460
460
460
464
472
488
496
496
528
552
576
556
516
500
488
488
504
504
500
488
488
504
520
540
524
516
516
516
536
528
532
504
500
496
508
508
524
512
496
492
504
512
524
516
504
504
504
504
504
504
512
496
492
488
484
484
476
464
464
460
456
452
456
464
476
488
480
468
468
460
456
452
456
472
484
504
512
520
528
556
596
576
560
528
512
508
512
532
520
496
484
480
492
488
488
476
472
472
472
472
480
484
476
476
480
472
464
460
456
456
464
456
456
452
452
456
460
488
520
504
496
492
504
504
500
492
496
488
496
488
480
468
476
476
476
484
476
476
480
484
500
492
480
468
468
464
460
452
448
440
436
436
432
428
436
436
436
432
428
452
460
488
504
508
504
500
496
500
500
504
516
524
508
500
484
484
476
480
480
504
512
516
540
544
560
540
528
520
512
504
500
492
488
488
500
524
540
536
520
496
492
484
480
464
464
460
468
484
512
504
512
524
524
532
528
500
496
488
488
484
488
488
484
496
484
484
504
516
520
516
520
512
508
500
488
496
536
544
552
540
512
516
520
524
544
532
524
520
564
548
552
552
536
512
492
480
488
492
484
496
500
504
516
496
504
500
504
504
512
496
492
500
504
508
512
496
484
480
480
472
480
484
480
476
472
472
472
480
480
472
472
464
476
476
476
472
464
464
460
456
460
456
456
452
452
456
468
484
488
492
492
496
500
496
492
484
484
480
476
480
484
472
472
468
464
468
464
468
468
460
460
460
464
456
464
480
484
488
484
476
476
476
480
488
488
488
484
480
476
