601.0806046
599.1677063
598.020015
598.6927128
600.5673244
601.9203406
601.5078045
599.7089999
598.1777395
598.3218569
600.0088514
601.6877079
601.8148936
600.2734744
598.4806242
598.084681
599.4496733
601.3206334
601.9774092
600.8161641
598.9045415
598.0000783
598.934334
600.848358
601.9824056
601.2938386
599.4157224
598.0747883
598.5038849
600.3085029
601.8294847
601.6684467
599.9734465
598.3028595
598.1926156
599.7440726
601.5308281
601.9101473
600.5332859
598.6661239
598.0253214
599.2000294
601.1102266
601.9996866
601.050644
599.1356441
598.0153291
598.7197113
600.6011851
601.9299321
601.4843084
599.6740184
598.1634344
598.3413803
600.0442535
601.7064402
601.7997337
600.2383603
598.4578396
598.095174
599.4837967
601.3470143
601.9717932
600.7837145
598.8750923
598.0007051
598.9644604
600.880286
601.9867808
601.2666384
599.3819545
598.0654988
598.5276146
600.3434347
601.8435025
601.6486627
599.9380499
598.2843938
598.2080581
599.7792255
601.553372
601.8993554
600.4990802
598.639953
598.0312467
599.2326031
601.1395007
601.9987466
601.0203541
599.1038528
598.0112651
598.7471111
600.6348574
601.9389187
601.4603471
599.6391391
598.1497049
598.3614235
600.0796418
601.7246377
601.7840097
600.2031714
598.4355382
598.106264
599.5180819
601.3729731
601.9655592
600.7510192
598.8459956
598.0019584
598.9949114
600.9119382
601.9905333
601.2390412
599.3483804
598.0568156
598.5518056
600.3782588
601.8569426
601.6283619
599.9026728
598.2664658
598.2240622
599.8144476
601.575429
601.8879683
600.4647182
598.6142084
598.037789
599.2654173
601.1684176
601.9971801
600.9897444
599.0723423
598.0078243
598.7749035
600.6683308
601.9472978
601.4359282
599.6043729
598.1365553
598.3819802
600.1150051
601.7422948
601.7677267
600.1679189
598.4137272
598.1179474
599.5525181
601.3985016
601.9587092
600.7180886
598.8172606
598.0038378
599.0256773
600.9433046
601.993662
601.2110557
599.3150104
598.0487414
598.5764505
600.4129645
601.8698008
601.6075509
599.8673261
598.2490811
598.2406228
599.8497278
601.5969924
601.8759895
600.4302105
598.588898
598.0449461
599.2984618
601.1969684
601.9949878
600.9588246
599.0411225
598.0050079
598.8030799
600.7015947
601.9550666
601.4110593
599.5697306
598.1239896
598.4030439
600.1503323
601.7594059
601.7508898
600.1326137
598.3924132
598.1302206
599.5870945
601.4235919
601.9512454
600.6849329
598.7888963
598.0063428
599.0567486
600.9743754
601.9961659
601.1826908
599.2818552
598.0412786
598.6015415
600.4475407
601.882073
601.5862361
599.8320211
598.2322451
598.2577348
599.8850551
601.6180553
601.8634228
600.3955681
598.5640298
598.052716
599.3317261
601.2251441
601.9921703
600.9276043
599.0102032
598.0028167
598.8316313
600.7346387
601.9622227
601.3857482
599.5352232
598.1120118
598.4246081
600.1856124
601.7759655
601.7335041
600.097267
598.3716031
598.1430798
599.6218004
601.448236
601.9431701
600.6515626
598.7609114
598.0094726
599.0881154
601.0051408
601.9980443
601.1539551
599.2489249
598.0344297
598.6270707
600.4819766
601.8937554
601.5644242
599.7967686
598.215963
598.2753928
599.9204185
601.6386111
601.8502722
600.3608016
598.5396117
598.0610961
599.3651998
601.2529359
601.9887285
600.8960933
598.9795941
598.0012513
598.8605489
600.7674526
601.9687639
601.3600028
599.5008614
598.1006257
598.446666
600.2208344
601.7919687
601.7155752
600.0618898
598.3513032
598.1565208
599.6566247
601.4724262
601.9344859
600.6179881
598.7333149
598.0132262
599.1197681
601.0355912
601.9992965
601.1248579
599.2162301
598.0281967
598.6530302
600.5162615
601.9048443
601.5421221
599.7615799
598.2002401
598.2935912
599.9558068
