917
427
325
971
337
1022
300
659
518
843
395
750
684
534
317
482
907
914
1237
951
1245
545
802
1430
364
1263
985
1368
758
1387
1327
983
755
659
419
1122
1104
609
659
1199
1255
523
602
1064
686
756
1011
1356
919
1071
773
928
1292
1411
986
758
833
1328
920
1468
1231
1241
1190
1086
936
305
326
1190
874
1373
842
418
1304
956
1203
1332
391
1239
734
557
887
1359
1093
1232
436
1007
820
588
1184
750
616
1475
525
461
978
1026
943
1476
379
993
547
1345
1483
1145
504
1161
1125
356
1024
1276
896
1242
727
779
410
1150
1336
849
603
958
683
1082
698
614
758
1027
678
1337
549
1442
530
640
1280
1406
1477
1033
1035
1342
753
797
847
1281
331
435
996
802
1224
1209
822
666
707
463
1234
1269
1284
855
935
920
957
1128
488
902
755
381
608
1143
1200
980
728
923
757
1150
1350
671
1035
1306
1079
922
592
477
1136
1433
668
1105
834
505
1080
312
537
821
316
548
1477
896
382
961
793
546
668
787
1249
889
832
1500
387
1211
1066
1123
347
326
1248
850
1449
909
778
638
472
482
1465
608
886
594
819
1382
1435
1380
1015
1462
1293
740
664
1149
1251
1108
1463
1173
439
1498
506
1211
817
1239
728
958
829
474
362
310
735
1241
1171
395
1056
1482
742
385
1031
882
1429
753
1260
841
1378
502
787
1113
760
1254
784
1392
719
1131
1173
1209
691
953
682
470
327
660
1238
1213
1379
1466
1083
894
1312
1050
351
643
1054
498
1446
1257
1361
1498
1018
966
1318
592
